0 3 3 2 -6 -10 1 -6 10 -4 4 -1 0 3 -7 4 -24 -75 -26 -5 -41 -15 -17 -40 -11 -12 -16 47 -28 13 29 -34 20 -5 53 -94 -37 -18 -18 -23 -12 7 22 12 1 49 -19 114 -6 103 -51 32 -34 17 -74 -17 1 33 50 18 
-2 -1 0 3 0 -4 0 -2 -3 10 2 -2 -2 4 -19 -59 1 32 -8 -107 23 -5 49 0 -31 -59 1 17 -52 53 -28 -68 -9 11 -116 65 -38 -14 -10 3 22 4 33 3 34 100 -20 -5 -32 50 -44 -90 -1 2 2 25 -7 23 86 7 
-2 -19 1 2 0 -2 -5 1 0 4 -10 0 0 -3 -17 -33 -91 26 42 4 -46 -31 1 21 -33 -46 37 -56 -4 -9 -30 14 -34 7 -59 31 4 0 12 16 16 -1 21 21 44 34 47 -177 -8 17 -32 24 1 1 -9 17 9 3 -50 9 
-9 -13 0 0 0 0 0 -8 -5 -2 6 1 -1 -3 6 -14 -27 -15 4 -42 13 -12 -50 -16 45 -86 -3 5 -24 -11 5 -39 73 -17 8 -15 0 32 20 11 16 9 -13 36 34 27 -85 -55 -10 -9 -3 11 -2 19 -12 44 -34 -47 -5 -2 
-2 -5 0 0 -2 0 -1 -1 -5 -3 -4 2 -4 -1 8 0 -1 1 -8 -7 -6 -45 -8 -22 1 -10 1 -29 -17 22 -28 -18 -9 -5 9 29 37 80 21 15 -12 -11 -1 28 25 -47 -29 -41 -15 1 7 14 -5 33 -14 -73 -2 -9 12 10 
0 3 0 -5 -17 -2 0 2 -3 -3 1 2 0 -2 -1 7 2 0 2 -3 4 0 -8 -16 5 0 6 -19 3 6 -37 -14 -3 -22 -12 -8 9 -27 27 14 19 -1 3 4 -6 -13 -6 -12 -43 16 -33 -17 33 -45 -14 -26 -3 2 4 1 
-3 14 0 0 -3 0 0 -5 3 -5 -1 -11 0 0 0 1 0 0 0 2 -3 0 0 0 0 0 0 -19 -44 48 -8 -27 30 -3 8 -2 -2 -1 5 3 3 -2 0 2 -2 8 -6 -20 -68 -13 -7 25 4 -7 -3 -2 12 12 -2 1 
-2 4 0 0 0 1 -1 -8 -3 3 0 0 0 0 8 1 0 0 -1 -5 3 0 0 0 1 -1 -5 -3 -22 29 -6 -20 2 0 1 0 0 0 1 0 0 0 0 0 -10 -4 -1 -4 3 -16 8 1 -40 -45 -24 3 19 13 -9 5 
-1 -3 -2 2 -3 3 -1 6 -14 6 1 5 -1 2 0 0 -1 0 0 -2 -4 0 0 1 0 0 -1 0 -1 0 0 4 0 0 0 0 0 0 0 0 0 0 0 0 4 1 7 2 -3 -22 -75 -18 -26 -5 -1 -2 -7 6 -3 -1 
-5 -6 0 7 -1 0 -1 0 8 -7 1 0 3 0 0 -1 0 0 -3 -3 6 4 0 -1 0 0 0 -1 0 0 -1 0 0 0 0 0 0 0 1 0 0 0 -4 0 -2 8 -3 -4 -25 -41 -4 -3 -12 3 -1 -1 0 13 11 21 
51 -1 -5 0 1 -5 -1 6 0 0 0 2 2 -2 1 4 1 -6 -1 0 -3 0 1 -2 0 0 -1 0 1 0 0 0 -2 0 2 0 0 -1 0 0 0 0 0 -5 1 -4 -17 -2 -12 1 -45 -57 -63 5 -6 -2 1 -11 10 11 
59 1 -1 -3 3 -4 3 0 0 0 0 -1 1 6 -1 3 -2 0 3 4 -3 0 3 -1 0 -1 0 -1 0 1 0 -4 0 -1 -1 0 0 -7 -1 1 3 0 -7 5 -12 -134 -73 -18 10 7 -75 -3 22 -3 3 12 15 0 5 6 
8 6 9 0 1 0 0 -9 -2 0 0 3 0 -3 -1 -1 -6 -7 -25 34 7 0 1 0 0 0 -4 1 0 -8 -10 6 -33 17 13 0 0 -1 -5 -8 -10 6 20 -99 81 -267 -3 -4 -5 4 12 -1 2 -8 1 8 4 16 24 -11 
-32 5 35 -1 -6 -6 -17 20 2 -2 -1 -2 10 -9 -9 -12 -117 51 77 12 -3 1 -65 -26 56 13 9 -29 6 -51 -33 -13 1 35 -4 88 -110 92 -57 -6 2 -67 -46 26 -18 18 -7 10 -7 -7 4 1 3 3 13 3 -1 1 6 8 
-2 -20 -7 -112 71 -53 37 3 -18 -20 -45 -3 19 93 -56 -55 -20 108 44 -28 -37 -27 -26 -24 -3 19 -29 4 -20 -25 -2 -2 20 0 24 215 -90 57 -5 -34 29 -25 -132 22 9 6 21 25 16 -5 4 10 -18 -75 -6 17 1 0 2 8 
0 9 -6 -103 15 -74 96 -1 -60 -30 -4 4 -27 0 7 -13 7 77 14 -38 -39 -10 -1 -12 14 -21 -2 -8 0 0 0 0 0 3 64 8 108 -106 91 -4 57 -34 -87 43 -35 -7 -43 -11 53 -12 89 10 -10 -17 1 10 8 5 -2 11 
1 -1 -15 -48 -90 3 -3 -2 -6 -4 0 -5 -27 5 -8 36 -24 19 23 76 20 -25 1 -1 -19 -14 -70 8 7 -48 32 49 3 18 68 7 -32 -6 12 2 11 -13 -20 -5 8 -19 1 -5 6 -2 7 -24 28 -21 64 4 6 -14 6 12 
-3 2 0 0 -24 -51 36 -42 -41 -19 3 2 3 2 47 3 -35 7 -3 17 11 -6 5 -9 -3 -13 54 3 -43 41 132 8 -41 22 -21 7 22 -17 -20 -23 -12 -6 2 2 28 -10 7 11 7 3 -18 -14 32 -2 -14 11 11 2 -45 5 
-3 0 -4 -8 1 0 -8 -11 -6 -48 10 3 -44 102 -6 -59 -36 4 -8 7 -17 2 12 25 3 1 -26 3 -54 36 13 51 -18 30 -47 31 -6 -31 -19 -2 -7 1 2 -5 0 0 3 6 6 4 4 -13 2 20 -30 11 -26 -18 32 -3 
-3 0 0 0 -1 -5 1 1 0 -7 -1 4 -5 9 -3 -1 -10 11 -20 2 -1 -11 8 -13 -20 -25 -27 -33 -6 7 20 2 6 67 29 -21 -6 -4 -4 -1 28 6 3 0 -4 4 5 -37 -27 16 9 12 -14 -8 -22 31 21 40 30 -8 
-5 0 0 -1 0 0 0 2 2 -2 0 0 0 1 0 2 0 -1 -3 0 -7 -42 4 12 -20 -32 -9 -5 -3 0 0 7 4 56 32 -10 -14 6 17 -7 10 19 22 -1 -37 -4 -14 1 -64 2 -4 1 17 -65 -12 53 24 -17 16 6 
0 0 -3 0 0 1 0 9 -3 1 0 0 0 2 1 0 -2 1 2 2 -4 -13 -16 -25 -14 -7 0 -2 5 2 3 -2 14 13 16 12 0 -6 8 -9 -37 -10 13 98 -27 -26 21 -8 -14 -62 -19 -10 31 1 22 -65 73 15 25 22 
0 0 3 -4 -1 2 4 0 0 0 0 0 0 0 0 0 0 -2 -7 -6 6 -10 -16 -11 -1 -3 2 0 -1 -1 4 1 2 5 21 34 0 0 4 13 -1 0 3 11 47 -7 -6 -26 323 321 99 -13 -12 12 -18 -4 -82 -52 -245 -56 
-325 -137 0 -2 1 0 0 0 -1 0 0 0 0 0 0 0 -1 -5 -2 5 -11 -16 -1 0 0 0 0 -1 1 0 3 0 34 61 3 -7 -14 -6 -1 -6 -4 7 118 265 -84 95 181 286 15 17 5 50 42 24 -23 -8 20 -35 -45 5 
-2 -366 -225 -163 -4 -5 2 11 -23 0 14 5 -66 22 6 -3 4 -3 -7 -2 1 0 -6 0 1 -1 0 0 0 18 19 32 -21 60 -35 4 14 -35 0 -1 -1 602 401 5 13 0 16 -4 8 38 40 8 10 29 -32 -22 8 19 -21 -62 
-115 -112 -70 -82 -149 24 85 15 -54 62 17 25 -108 -165 -79 -419 -58 -44 0 0 0 1 -1 1 2 1 3 0 0 3 10 -16 -8 -1 0 -15 5 4 2 13 692 352 -16 53 -6 -7 4 4 77 25 14 49 10 0 12 -15 43 -7 -7 87 
305 -130 168 -37 -112 23 -18 -44 9 -9 17 -5 0 -1 3 -11 -147 -318 -164 -245 9 -101 6 0 4 0 3 8 -31 1 15 29 -21 -4 42 17 29 9 382 427 75 6 12 8 45 -18 37 -60 61 64 21 34 7 10 23 -31 11 30 104 22 
-36 -104 8 193 -81 -11 -49 32 -21 -30 -41 4 16 -46 -14 0 -45 50 1 -166 -320 -338 -49 -46 -8 -22 9 -33 -34 18 61 80 11 72 35 272 163 25 101 27 20 -21 100 10 -32 -73 25 111 40 23 6 16 -79 -69 103 15 61 30 179 -184 
72 -60 -43 -61 103 -23 -9 -86 41 34 9 -33 -37 -24 -43 13 -7 -5 -2 -21 -14 -151 -402 -215 50 -42 22 -12 57 150 197 3 11 48 277 17 -81 37 -8 56 26 -9 32 -66 80 82 10 4 -8 -80 53 53 -102 -23 110 95 -68 195 -10 25 
13 -92 59 -31 56 -59 -94 132 -136 -60 103 -14 48 -57 -3 -53 -104 142 2 16 -42 -55 37 -5 31 -109 38 111 60 -122 -19 97 -18 -8 49 -25 11 -42 103 7 -41 -4 46 16 18 -33 3 23 -13 33 -49 20 27 -5 37 -14 16 -62 15 15 
-256 199 -129 94 0 -36 -49 112 -79 2 8 -63 35 -139 164 -120 66 -22 -45 140 -180 131 -138 -84 74 -126 144 22 -184 155 -12 32 20 43 -29 38 25 -31 20 6 -11 6 -105 65 41 13 13 63 -97 112 -95 -47 131 -6 -81 5 29 8 45 -5 
98 -86 -159 50 120 -29 -108 32 -13 -78 1 155 -189 11 8 95 -39 -140 144 -107 14 -55 -178 252 -59 -58 109 85 -259 10 184 -46 10 -35 120 -166 191 -139 253 -20 -124 128 -149 58 135 -48 24 -15 -139 -20 135 84 -112 -4 70 -41 -88 146 -114 22 
21 86 -126 36 -73 40 28 139 -130 -11 -27 8 56 -234 142 170 -52 23 -69 79 -181 42 -56 100 117 -225 139 -56 13 -265 447 -169 -74 139 -205 133 -119 65 101 -19 19 39 -221 274 -297 215 121 -252 180 105 28 -139 12 -36 -91 123 17 -126 165 -33 
208 -144 81 83 -160 -131 167 80 -8 -88 69 -128 139 -264 387 -183 154 -175 35 67 -192 -51 230 -206 33 -185 248 29 -157 81 -32 206 -93 -66 57 -115 32 -213 -32 303 -38 85 -48 -13 79 -12 -5 -152 64 -12 -95 159 64 175 -179 18 -38 -178 29 -55 
199 30 -116 73 93 -101 -78 -168 125 101 -80 78 -44 -80 34 218 -173 116 -110 144 -284 -41 -243 296 172 -172 75 -110 62 89 -96 197 -83 -172 223 -288 119 -42 137 -38 -7 -128 324 -183 -65 183 -246 252 -16 -239 128 -75 85 -79 302 -223 56 14 -53 -283 
17 -209 46 137 13 -342 1 -137 297 85 -188 -21 -56 97 20 -49 114 -128 96 16 49 -151 422 -456 89 -200 129 -30 -141 82 -160 366 -95 -90 -104 -76 91 92 111 -285 392 -73 145 -198 105 10 -40 118 -114 6 103 -431 417 -250 134 84 -181 40 -290 238 
98 13 206 -63 156 -245 -187 135 -461 280 130 -51 33 -370 382 70 -152 64 -56 83 -259 131 51 86 -193 -13 442 -338 68 50 -80 97 -291 452 -352 272 -22 64 -100 -151 232 -142 115 -82 45 291 -322 114 -43 73 -254 226 -88 98 -59 -64 -116 352 -166 112 
-169 -539 429 -290 96 63 -40 88 -300 185 39 100 50 -318 227 -357 494 -264 166 -93 -183 46 60 10 10 -26 76 -2 -69 3 -59 40 140 -89 -33 123 -85 63 -51 41 54 201 -175 42 -175 63 -322 383 49 -213 -192 195 84 -32 -82 357 -197 79 -91 181 
61 -109 -273 14 447 -227 -24 7 -221 254 -241 -73 241 -108 -171 137 351 -203 -58 -184 219 -69 26 -24 201 -331 151 -168 -139 484 -148 -78 300 -36 -143 -3 -142 184 49 -133 186 -100 90 -29 -164 290 -88 -255 88 430 -370 -155 24 205 -111 293 20 -359 257 -188 
186 -220 231 -418 349 -143 -105 187 231 23 -421 262 -249 274 -71 -239 30 46 59 -193 253 -62 -142 -4 131 96 -67 45 -103 101 81 -37 256 -169 166 -84 -197 40 15 86 -47 -128 92 9 65 -99 104 -17 101 45 -58 -63 -76 -52 -68 131 -146 75 -104 -99 
